[gd_scene load_steps=2 format=3 uid="uid://pmaqmua7vd4s"]

[ext_resource type="PackedScene" uid="uid://vqnlaa7dld0l" path="res://StoneGolemGR3.fbx" id="1_d2g0p"]

[node name="StoneGolemGR3" instance=ExtResource("1_d2g0p")]

[node name="Skeleton3D" parent="Armature" index="0"]
bones/0/position = Vector3(0.00142544, -0.00473327, 0.055166)
bones/0/rotation = Quaternion(0.765883, 0.00238557, 0.000943878, 0.642975)
bones/0/scale = Vector3(1, 1, 1)
bones/2/position = Vector3(0.00741388, 0.00103658, -0.00709057)
bones/2/rotation = Quaternion(0.701602, -0.123204, 0.697787, 0.0752866)
bones/4/position = Vector3(-0.0111149, 0.0104091, -0.00363164)
bones/4/rotation = Quaternion(0.869659, 0.12524, 0.474943, -0.0493693)
bones/6/position = Vector3(-0.00468371, 0.024006, -0.0066507)
bones/6/rotation = Quaternion(0.843087, 0.206853, 0.457607, -0.192384)
bones/8/position = Vector3(0.00149597, 0.00934119, 0.0222131)
bones/8/rotation = Quaternion(0.428951, -0.559852, 0.412868, -0.576287)
bones/9/position = Vector3(0.00386284, 0.0148664, 0.003411)
bones/9/rotation = Quaternion(-0.0668797, 0.061173, 0.195402, 0.976526)
bones/9/scale = Vector3(1, 1, 1)
bones/11/position = Vector3(0.00439761, -0.0006742, -0.00867797)
bones/11/rotation = Quaternion(-0.404834, 0.706772, 0.390769, 0.428815)
bones/11/scale = Vector3(1, 1, 1)
bones/13/position = Vector3(0.00328539, 0.00104399, 0.00535843)
bones/13/rotation = Quaternion(0.202457, -0.062514, 0.0727189, 0.974585)
bones/13/scale = Vector3(1, 1, 1)
bones/15/position = Vector3(0.00323027, 0.00721178, -0.00456415)
bones/15/rotation = Quaternion(0.21555, -0.364995, 0.116656, 0.898169)
bones/17/rotation = Quaternion(-0.533179, 0.688882, -0.378131, 0.313335)
bones/17/scale = Vector3(1, 1, 1)
bones/19/scale = Vector3(1, 1, 1)
bones/21/rotation = Quaternion(0.0292701, 0.648961, 0.100725, 0.753556)
bones/23/position = Vector3(-0.00803553, 0.00388136, -0.00146097)
bones/23/rotation = Quaternion(-0.398371, -0.656418, 0.14097, 0.624935)
bones/23/scale = Vector3(1, 1, 1)
bones/25/rotation = Quaternion(-0.275211, 0.304289, -0.848943, 0.333111)
bones/25/scale = Vector3(1, 1, 1)
bones/27/rotation = Quaternion(-0.278625, 0.32526, -0.882141, -0.195961)
bones/27/scale = Vector3(1, 1, 1)
bones/29/rotation = Quaternion(0.0296313, -0.614688, 0.779863, -0.114429)
bones/29/scale = Vector3(1, 1, 1)

[node name="Low_006" parent="Armature/Skeleton3D" index="0"]
transform = Transform3D(1, 2.70489e-05, 5.23908e-05, -1.81212e-05, 0.986549, -0.163466, -5.61071e-05, 0.163466, 0.986549, 0.00226798, 0.00733761, 0.00382845)
bone_idx = 1

[node name="Low_004" parent="Armature/Skeleton3D" index="1"]
transform = Transform3D(0.999932, 0.00346054, 0.0111255, 0.000369705, 0.944973, -0.327149, -0.0116452, 0.327131, 0.944908, 0.00166136, 0.0162759, 0.005552)
bone_idx = 3

[node name="Low_002" parent="Armature/Skeleton3D" index="2"]
transform = Transform3D(1, 2.98917e-05, 5.40763e-05, -1.82688e-05, 0.986548, -0.163466, -5.82486e-05, 0.163467, 0.986549, 0.00226794, 0.00733763, 0.00382842)
bone_idx = 5

[node name="Low_005" parent="Armature/Skeleton3D" index="3"]
transform = Transform3D(1, 2.70605e-05, 5.25713e-05, -1.79112e-05, 0.986549, -0.163467, -5.6237e-05, 0.163467, 0.986549, 0.00236486, 0.00631388, 0.00467975)
bone_idx = 7

[node name="Low_010" parent="Armature/Skeleton3D" index="4"]
transform = Transform3D(0.99869, -0.050939, 0.0047484, 0.0489219, 0.923731, -0.379904, 0.0149656, 0.379638, 0.925014, 0.000117979, 0.0136035, 0.000276138)
bone_idx = 10

[node name="Low_007" parent="Armature/Skeleton3D" index="5"]
transform = Transform3D(0.106612, 0.846891, -0.520969, -0.80287, -0.235761, -0.547555, -0.586543, 0.476647, 0.654809, 0.00387276, 0.0194281, 0.00366633)
bone_idx = 12

[node name="Low_008" parent="Armature/Skeleton3D" index="6"]
transform = Transform3D(0.99869, -0.0509391, 0.00474817, 0.048922, 0.923731, -0.379904, 0.0149659, 0.379639, 0.925013, 0.000117977, 0.0136035, 0.000276139)
bone_idx = 14

[node name="Low_011" parent="Armature/Skeleton3D" index="7"]
transform = Transform3D(0.99869, -0.0509388, 0.00474843, 0.048922, 0.923732, -0.379904, 0.0149656, 0.379639, 0.925014, 0.000117979, 0.0136035, 0.000276137)
bone_idx = 16

[node name="Low_003" parent="Armature/Skeleton3D" index="8"]
transform = Transform3D(1, -5.96046e-08, -2.08616e-07, 2.83122e-07, 1, 1.93715e-07, 5.96046e-08, 7.45058e-09, 1, 0, -1.11759e-08, -7.45058e-09)
bone_idx = 18

[node name="Low_014" parent="Armature/Skeleton3D" index="9"]
transform = Transform3D(0.999999, -2.98023e-08, 9.68575e-08, 2.98023e-08, 1, 2.23517e-07, -1.04308e-07, -8.9407e-08, 0.999999, -1.49012e-08, -4.65661e-09, 1.49012e-08)
bone_idx = 20

[node name="Low" parent="Armature/Skeleton3D" index="10"]
transform = Transform3D(1, 0, -7.45058e-08, -8.9407e-08, 1, 5.96046e-08, 7.45058e-08, 5.21541e-08, 1, -7.45058e-09, -1.21072e-08, 0)
bone_idx = 22

[node name="Low_001" parent="Armature/Skeleton3D" index="11"]
transform = Transform3D(0.900503, 0.00138143, 0.434848, 0.146597, 0.940493, -0.306567, -0.409394, 0.339812, 0.846714, -0.016512, 0.0144897, -0.00862173)
bone_idx = 24

[node name="Low_013" parent="Armature/Skeleton3D" index="12"]
transform = Transform3D(-0.320192, -0.528831, -0.786012, 0.865476, 0.174124, -0.469714, 0.385263, -0.830673, 0.401938, -0.0259721, 0.0364234, 0.0238735)
bone_idx = 26

[node name="Low_012" parent="Armature/Skeleton3D" index="13"]
transform = Transform3D(0.0922476, 0.0947244, -0.99122, 0.543679, 0.82919, 0.129838, 0.834208, -0.550882, 0.0249914, -0.0141902, 0.0182079, 0.0525169)
bone_idx = 28

[node name="Low_009" parent="Armature/Skeleton3D" index="14"]
transform = Transform3D(1, 1.49012e-08, 8.56817e-08, 8.9407e-08, 1, 4.47035e-08, 1.11759e-08, 2.98023e-08, 1, -5.58794e-09, -5.58794e-09, 0)
bone_idx = 30
